*** Decision Tree Classifier ***
Train score: 0.9848214285714286
Test score: 0.8645833333333334
Metricas:
              precision    recall  f1-score   support

           0       0.98      0.96      0.97       200
           1       0.92      0.92      0.92       200
           2       0.98      0.97      0.98       200
           3       0.90      0.91      0.91       200
           4       0.94      0.94      0.94       200
           5       0.96      0.96      0.96       200
           6       0.92      0.94      0.93       200
           7       0.98      0.99      0.98       200

    accuracy                           0.95      1600
   macro avg       0.95      0.95      0.95      1600
weighted avg       0.95      0.95      0.95      1600

Matriz de confusion:
[[192   0   0   0   3   3   0   2]
 [  0 184   0  13   0   0   3   0]
 [  0   1 194   0   0   0   3   2]
 [  0  15   0 182   0   3   0   0]
 [  0   0   3   0 189   0   8   0]
 [  4   0   0   4   0 192   0   0]
 [  0   0   0   3   8   1 187   1]
 [  0   0   0   0   0   0   2 198]]

*** K Neighbors Classifier ***
Train score: 0.975
Test score: 0.9520833333333333
Metricas:
              precision    recall  f1-score   support

           0       1.00      0.99      0.99       200
           1       0.88      0.97      0.92       200
           2       1.00      1.00      1.00       200
           3       0.96      0.87      0.91       200
           4       0.99      0.99      0.99       200
           5       0.99      1.00      1.00       200
           6       0.94      0.97      0.96       200
           7       0.99      0.94      0.97       200

    accuracy                           0.97      1600
   macro avg       0.97      0.97      0.97      1600
weighted avg       0.97      0.97      0.97      1600

Matriz de confusion:
[[198   0   0   0   1   1   0   0]
 [  0 194   1   5   0   0   0   0]
 [  0   0 200   0   0   0   0   0]
 [  0  26   0 174   0   0   0   0]
 [  0   0   0   0 199   0   1   0]
 [  0   0   0   0   0 200   0   0]
 [  0   0   0   2   0   1 195   2]
 [  0   0   0   0   0   0  11 189]]

*** SVM Classifier ***
Train score: 0.9803571428571428
Test score: 0.9833333333333333
Metricas:
              precision    recall  f1-score   support

           0       1.00      1.00      1.00       200
           1       0.97      0.96      0.97       200
           2       1.00      1.00      1.00       200
           3       0.97      0.97      0.97       200
           4       1.00      0.99      1.00       200
           5       0.99      1.00      1.00       200
           6       0.99      0.92      0.96       200
           7       0.93      1.00      0.97       200

    accuracy                           0.98      1600
   macro avg       0.98      0.98      0.98      1600
weighted avg       0.98      0.98      0.98      1600

Matriz de confusion:
[[200   0   0   0   0   0   0   0]
 [  0 193   1   6   0   0   0   0]
 [  0   0 200   0   0   0   0   0]
 [  0   6   0 194   0   0   0   0]
 [  0   0   0   0 199   0   1   0]
 [  0   0   0   0   0 200   0   0]
 [  0   0   0   0   0   2 184  14]
 [  0   0   0   0   0   0   0 200]]

